З ПРОБІЛАМИ 
H1 = 4.31618575
H2 (з перетином) = 3.95943041
H2 (без перетину) = 3.95958144
Частоти букв:
_ : 0.18807000
о : 0.08988061
е : 0.07224658
а : 0.06993896
н : 0.05386190
и : 0.05022309
т : 0.04904338
л : 0.04578477
с : 0.04293666
р : 0.03486246
в : 0.03161264
к : 0.02661037
м : 0.02610701
д : 0.02413367
у : 0.02306734
п : 0.02101189
я : 0.01781779
ь : 0.01761449
ы : 0.01603210
з : 0.01446632
б : 0.01368832
г : 0.01283115
ч : 0.01192218
й : 0.00845441
ж : 0.00829021
ш : 0.00763438
х : 0.00614582
ю : 0.00455658
ц : 0.00292141
щ : 0.00289405
э : 0.00277383
ф : 0.00235160
ъ : 0.00021405

Матриця біграм (з перетином):
           а        б        в        г        д        е        ж        з        и        й        к        л        м        н        о        п        р        с        т        у        ф        х        ц        ч        ш        щ        ъ        ы        ь        э        ю        я        _
     а 0.000006 0.000604 0.002573 0.000480 0.001944 0.001155 0.000958 0.004387 0.000100 0.000612 0.003804 0.009660 0.002800 0.004067 0.000035 0.000692 0.002244 0.004049 0.004799 0.000243 0.000220 0.000899 0.000112 0.000983 0.001102 0.000223 0.000000 0.000000 0.000000 0.000001 0.000851 0.001847 0.018487
     б 0.000676 0.000174 0.000063 0.000006 0.000018 0.001784 0.000008 0.000000 0.000799 0.000000 0.000124 0.000666 0.000036 0.000321 0.002051 0.000000 0.000965 0.000122 0.000008 0.001295 0.000000 0.000029 0.000000 0.000000 0.000004 0.000152 0.000083 0.003535 0.000028 0.000000 0.000029 0.000552 0.000161
     в 0.004625 0.000007 0.000033 0.000008 0.000439 0.004749 0.000000 0.000429 0.002587 0.000000 0.000190 0.000481 0.000090 0.001192 0.004799 0.000210 0.000692 0.002416 0.000299 0.000589 0.000000 0.000057 0.000024 0.000050 0.000464 0.000016 0.000011 0.002236 0.000215 0.000000 0.000003 0.000191 0.004511
     г 0.000897 0.000008 0.000004 0.000002 0.001257 0.000144 0.000000 0.000000 0.000524 0.000000 0.000170 0.001243 0.000003 0.000287 0.006181 0.000000 0.000733 0.000013 0.000022 0.000489 0.000000 0.000000 0.000000 0.000045 0.000005 0.000000 0.000000 0.000000 0.000000 0.000000 0.000003 0.000000 0.000801
     д 0.003922 0.000058 0.000803 0.000011 0.000016 0.004680 0.000068 0.000011 0.002175 0.000000 0.000215 0.000643 0.000037 0.001802 0.003529 0.000057 0.000972 0.000194 0.000144 0.001524 0.000002 0.000025 0.000201 0.000020 0.000065 0.000000 0.000042 0.000543 0.000833 0.000000 0.000011 0.000264 0.001269
     е 0.000044 0.001400 0.001312 0.002650 0.002579 0.001639 0.000699 0.001323 0.000070 0.001754 0.001012 0.005864 0.003891 0.006689 0.000193 0.001045 0.007059 0.004376 0.005549 0.000124 0.000149 0.000569 0.000274 0.001081 0.001060 0.000908 0.000000 0.000000 0.000000 0.000000 0.000124 0.000277 0.018534
     ж 0.001104 0.000008 0.000000 0.000015 0.000712 0.003371 0.000011 0.000000 0.001433 0.000000 0.000082 0.000013 0.000002 0.000936 0.000056 0.000000 0.000007 0.000012 0.000000 0.000223 0.000000 0.000000 0.000000 0.000093 0.000000 0.000000 0.000000 0.000000 0.000010 0.000000 0.000000 0.000000 0.000204
     з 0.005826 0.000110 0.000718 0.000315 0.001000 0.000348 0.000121 0.000072 0.000426 0.000000 0.000163 0.000254 0.000252 0.001527 0.000448 0.000014 0.000299 0.000010 0.000016 0.000412 0.000000 0.000008 0.000007 0.000009 0.000000 0.000000 0.000023 0.000285 0.000143 0.000000 0.000001 0.000309 0.001350
     и 0.001061 0.000501 0.001877 0.000552 0.001787 0.001461 0.000317 0.001639 0.000393 0.000820 0.001660 0.006371 0.002152 0.003412 0.000280 0.000167 0.000678 0.002085 0.003198 0.000016 0.000045 0.001261 0.000889 0.000901 0.000652 0.000154 0.000000 0.000001 0.000000 0.000003 0.000225 0.000873 0.014793
     й 0.000015 0.000002 0.000000 0.000000 0.000253 0.000049 0.000000 0.000005 0.000003 0.000000 0.000118 0.000064 0.000028 0.000384 0.000015 0.000001 0.000009 0.000263 0.000351 0.000000 0.000002 0.000001 0.000045 0.000147 0.000064 0.000002 0.000000 0.000000 0.000000 0.000000 0.000000 0.000000 0.006635
     к 0.006874 0.000000 0.000137 0.000000 0.000003 0.000584 0.000025 0.000029 0.002492 0.000000 0.000019 0.000646 0.000000 0.000419 0.007379 0.000000 0.001623 0.000151 0.000386 0.001729 0.000006 0.000002 0.000050 0.000000 0.000007 0.000000 0.000000 0.000000 0.000000 0.000000 0.000005 0.000001 0.004043
     л 0.007489 0.000044 0.000026 0.000129 0.000046 0.004533 0.000352 0.000016 0.007129 0.000000 0.000470 0.000320 0.000011 0.000328 0.005530 0.000035 0.000001 0.001519 0.000100 0.001213 0.000006 0.000001 0.000000 0.000153 0.000007 0.000001 0.000001 0.000813 0.004112 0.000003 0.000977 0.001531 0.008889
     м 0.002938 0.000048 0.000016 0.000075 0.000006 0.003774 0.000000 0.000000 0.002190 0.000000 0.000168 0.000167 0.000046 0.002012 0.003667 0.000176 0.000063 0.000106 0.000066 0.001614 0.000005 0.000000 0.000003 0.000090 0.000000 0.000001 0.000000 0.000973 0.000093 0.000000 0.000021 0.000419 0.007370
     н 0.010971 0.000004 0.000014 0.000117 0.000378 0.009232 0.000010 0.000035 0.005879 0.000000 0.000441 0.000006 0.000001 0.002066 0.008953 0.000004 0.000066 0.000430 0.000706 0.002786 0.000019 0.000020 0.000611 0.000120 0.000002 0.000270 0.000001 0.002843 0.001308 0.000000 0.000117 0.001840 0.004612
     о 0.000006 0.003246 0.005537 0.004019 0.004210 0.001976 0.001998 0.001256 0.000707 0.003612 0.002359 0.005785 0.005060 0.005886 0.000158 0.001042 0.005008 0.005928 0.006595 0.000053 0.000188 0.000444 0.000094 0.002044 0.001131 0.000241 0.000000 0.000000 0.000000 0.000080 0.000201 0.000689 0.020328
     п 0.001283 0.000000 0.000000 0.000000 0.000000 0.001962 0.000000 0.000000 0.000766 0.000000 0.000095 0.000961 0.000001 0.000193 0.008688 0.000124 0.005376 0.000024 0.000088 0.000609 0.000016 0.000000 0.000005 0.000018 0.000004 0.000000 0.000000 0.000256 0.000115 0.000000 0.000000 0.000312 0.000117
     р 0.006768 0.000055 0.000358 0.000110 0.000302 0.005437 0.000258 0.000040 0.004102 0.000000 0.000400 0.000209 0.000227 0.000906 0.006854 0.000064 0.000061 0.000184 0.000738 0.002261 0.000691 0.000146 0.000058 0.000113 0.000185 0.000022 0.000000 0.001243 0.000659 0.000001 0.000237 0.000881 0.001294
     с 0.001175 0.000069 0.001316 0.000019 0.000199 0.003588 0.000022 0.000011 0.001897 0.000003 0.004042 0.002321 0.001203 0.001090 0.002068 0.001871 0.000234 0.000713 0.009568 0.000500 0.000030 0.000092 0.000063 0.000382 0.000057 0.000000 0.000032 0.000243 0.003471 0.000006 0.000163 0.003788 0.002702
     т 0.005213 0.000037 0.001866 0.000017 0.000084 0.005057 0.000000 0.000003 0.003318 0.000000 0.000622 0.000239 0.000027 0.000900 0.011989 0.000104 0.002930 0.001068 0.000433 0.001204 0.000189 0.000014 0.000011 0.000082 0.000011 0.000010 0.000019 0.001759 0.005526 0.000004 0.000053 0.000416 0.005839
     у 0.000072 0.000436 0.000670 0.001056 0.001852 0.000279 0.001319 0.000323 0.000011 0.000117 0.000663 0.001983 0.001322 0.000331 0.000008 0.000548 0.000401 0.001234 0.001290 0.000000 0.000032 0.000332 0.000003 0.000865 0.000569 0.000237 0.000000 0.000000 0.000000 0.000022 0.000947 0.000031 0.006115
     ф 0.000134 0.000000 0.000000 0.000000 0.000000 0.000348 0.000000 0.000000 0.000171 0.000000 0.000000 0.000047 0.000001 0.000004 0.000387 0.000001 0.000381 0.000005 0.000024 0.000043 0.000088 0.000000 0.000000 0.000001 0.000003 0.000000 0.000000 0.000014 0.000000 0.000670 0.000001 0.000000 0.000029
     х 0.000626 0.000001 0.000164 0.000008 0.000000 0.000039 0.000000 0.000000 0.000158 0.000000 0.000001 0.000152 0.000052 0.000216 0.001981 0.000001 0.000093 0.000029 0.000049 0.000099 0.000001 0.000001 0.000001 0.000001 0.000005 0.000000 0.000001 0.000000 0.000000 0.000001 0.000000 0.000000 0.002466
     ц 0.000552 0.000000 0.000146 0.000000 0.000000 0.000713 0.000000 0.000000 0.000452 0.000000 0.000018 0.000006 0.000001 0.000000 0.000260 0.000002 0.000000 0.000000 0.000006 0.000172 0.000000 0.000000 0.000013 0.000000 0.000001 0.000000 0.000000 0.000119 0.000000 0.000000 0.000001 0.000000 0.000460
     ч 0.001897 0.000000 0.000008 0.000000 0.000000 0.003398 0.000000 0.000000 0.001374 0.000000 0.000275 0.000016 0.000001 0.001005 0.000085 0.000000 0.000009 0.000000 0.002574 0.000713 0.000000 0.000000 0.000000 0.000005 0.000201 0.000000 0.000000 0.000000 0.000211 0.000000 0.000000 0.000000 0.000151
     ш 0.000756 0.000000 0.000039 0.000000 0.000000 0.002033 0.000000 0.000000 0.001637 0.000000 0.000503 0.000682 0.000010 0.000280 0.000406 0.000011 0.000004 0.000000 0.000061 0.000253 0.000000 0.000000 0.000001 0.000001 0.000000 0.000000 0.000000 0.000000 0.000860 0.000000 0.000001 0.000000 0.000098
     щ 0.000361 0.000000 0.000001 0.000000 0.000000 0.001535 0.000000 0.000000 0.000793 0.000000 0.000000 0.000000 0.000000 0.000043 0.000003 0.000001 0.000002 0.000000 0.000000 0.000121 0.000000 0.000000 0.000000 0.000000 0.000000 0.000000 0.000000 0.000000 0.000023 0.000000 0.000000 0.000000 0.000011
     ъ 0.000000 0.000000 0.000000 0.000000 0.000000 0.000130 0.000000 0.000000 0.000000 0.000000 0.000000 0.000000 0.000000 0.000000 0.000000 0.000000 0.000000 0.000000 0.000000 0.000000 0.000000 0.000000 0.000000 0.000000 0.000000 0.000000 0.000000 0.000000 0.000000 0.000000 0.000000 0.000083 0.000001
     ы 0.000000 0.000234 0.000767 0.000139 0.000086 0.001049 0.000051 0.000062 0.000040 0.001387 0.000142 0.002299 0.001080 0.000109 0.000000 0.000281 0.000233 0.000578 0.000664 0.000002 0.000000 0.000735 0.000004 0.000095 0.000507 0.000011 0.000000 0.000000 0.000000 0.000000 0.000000 0.000011 0.005468
     ь 0.000000 0.000068 0.000029 0.000132 0.000087 0.000534 0.000001 0.000168 0.000027 0.000000 0.001267 0.000000 0.000303 0.001163 0.000027 0.000013 0.000000 0.000907 0.000129 0.000000 0.000108 0.000000 0.000082 0.000027 0.000659 0.000006 0.000000 0.000000 0.000000 0.000001 0.000316 0.000329 0.011230
     э 0.000000 0.000000 0.000002 0.000003 0.000000 0.000000 0.000000 0.000004 0.000000 0.000001 0.000037 0.000046 0.000004 0.000023 0.000000 0.000008 0.000005 0.000010 0.001956 0.000000 0.000001 0.000003 0.000000 0.000000 0.000001 0.000000 0.000000 0.000000 0.000000 0.000000 0.000000 0.000000 0.000670
     ю 0.000001 0.000340 0.000019 0.000004 0.000374 0.000001 0.000020 0.000035 0.000014 0.000000 0.000026 0.000068 0.000198 0.000051 0.000003 0.000000 0.000055 0.000148 0.000354 0.000000 0.000001 0.000011 0.000002 0.000156 0.000022 0.000337 0.000000 0.000000 0.000000 0.000000 0.000033 0.000001 0.002283
     я 0.000000 0.000032 0.000320 0.000086 0.000647 0.000092 0.000114 0.000142 0.000033 0.000100 0.000212 0.001162 0.000267 0.000560 0.000000 0.000040 0.000088 0.000419 0.001220 0.000000 0.000000 0.000137 0.000043 0.000152 0.000022 0.000201 0.000000 0.000000 0.000000 0.000000 0.000077 0.000056 0.011595
     _ 0.004646 0.006203 0.012797 0.002880 0.005856 0.006573 0.001938 0.004477 0.008523 0.000048 0.007315 0.003411 0.007000 0.015658 0.013849 0.014502 0.004574 0.015946 0.007652 0.004781 0.000554 0.001361 0.000326 0.004288 0.000826 0.000102 0.000001 0.001166 0.000008 0.001983 0.000159 0.003117 0.025551

Матриця біграм (без перетину):
           а        б        в        г        д        е        ж        з        и        й        к        л        м        н        о        п        р        с        т        у        ф        х        ц        ч        ш        щ        ъ        ы        ь        э        ю        я        _
     а 0.000006 0.000616 0.002526 0.000497 0.001935 0.001151 0.000936 0.004437 0.000111 0.000616 0.003962 0.009623 0.002926 0.004048 0.000037 0.000706 0.002240 0.004064 0.004803 0.000248 0.000221 0.000889 0.000106 0.000940 0.001112 0.000238 0.000000 0.000000 0.000000 0.000002 0.000882 0.001869 0.018596
     б 0.000719 0.000170 0.000066 0.000006 0.000016 0.001763 0.000008 0.000000 0.000778 0.000000 0.000129 0.000674 0.000041 0.000299 0.002084 0.000000 0.000972 0.000131 0.000008 0.001300 0.000000 0.000033 0.000000 0.000000 0.000004 0.000160 0.000084 0.003507 0.000027 0.000000 0.000027 0.000553 0.000170
     в 0.004648 0.000004 0.000029 0.000004 0.000432 0.004781 0.000000 0.000461 0.002549 0.000000 0.000197 0.000473 0.000082 0.001179 0.004815 0.000203 0.000733 0.002381 0.000313 0.000622 0.000000 0.000057 0.000014 0.000051 0.000469 0.000016 0.000012 0.002230 0.000194 0.000000 0.000000 0.000190 0.004617
     г 0.000891 0.000002 0.000002 0.000002 0.001275 0.000162 0.000000 0.000000 0.000500 0.000000 0.000156 0.001294 0.000006 0.000307 0.006165 0.000000 0.000653 0.000006 0.000029 0.000477 0.000000 0.000000 0.000000 0.000049 0.000006 0.000000 0.000000 0.000000 0.000000 0.000000 0.000004 0.000000 0.000803
     д 0.003786 0.000053 0.000819 0.000014 0.000023 0.004725 0.000065 0.000006 0.002207 0.000000 0.000194 0.000647 0.000035 0.001726 0.003507 0.000059 0.000964 0.000166 0.000139 0.001550 0.000002 0.000027 0.000197 0.000020 0.000055 0.000000 0.000049 0.000540 0.000803 0.000000 0.000016 0.000238 0.001288
     е 0.000047 0.001417 0.001267 0.002594 0.002572 0.001632 0.000706 0.001325 0.000070 0.001736 0.000979 0.005776 0.003886 0.006746 0.000209 0.001009 0.007045 0.004330 0.005518 0.000129 0.000152 0.000559 0.000264 0.001130 0.001079 0.000950 0.000000 0.000000 0.000000 0.000000 0.000123 0.000274 0.018705
     ж 0.001091 0.000010 0.000000 0.000010 0.000743 0.003280 0.000012 0.000000 0.001458 0.000000 0.000076 0.000016 0.000004 0.000929 0.000053 0.000000 0.000008 0.000012 0.000000 0.000203 0.000000 0.000000 0.000000 0.000098 0.000000 0.000000 0.000000 0.000000 0.000010 0.000000 0.000000 0.000000 0.000213
     з 0.005933 0.000104 0.000700 0.000285 0.000962 0.000319 0.000117 0.000059 0.000420 0.000000 0.000162 0.000272 0.000264 0.001525 0.000465 0.000020 0.000313 0.000012 0.000018 0.000391 0.000000 0.000010 0.000006 0.000010 0.000000 0.000000 0.000027 0.000270 0.000151 0.000000 0.000002 0.000303 0.001273
     и 0.001104 0.000495 0.001869 0.000573 0.001800 0.001466 0.000354 0.001703 0.000366 0.000874 0.001652 0.006404 0.002123 0.003472 0.000291 0.000170 0.000696 0.002164 0.003161 0.000020 0.000053 0.001210 0.000884 0.000932 0.000704 0.000145 0.000000 0.000000 0.000000 0.000002 0.000213 0.000878 0.014743
     й 0.000012 0.000002 0.000000 0.000000 0.000213 0.000055 0.000000 0.000006 0.000004 0.000000 0.000115 0.000072 0.000029 0.000354 0.000018 0.000002 0.000006 0.000260 0.000344 0.000000 0.000004 0.000002 0.000045 0.000154 0.000057 0.000002 0.000000 0.000000 0.000000 0.000000 0.000000 0.000000 0.006646
     к 0.006891 0.000000 0.000125 0.000000 0.000002 0.000559 0.000027 0.000041 0.002465 0.000000 0.000022 0.000665 0.000000 0.000426 0.007405 0.000000 0.001660 0.000139 0.000366 0.001736 0.000006 0.000004 0.000041 0.000000 0.000010 0.000000 0.000000 0.000000 0.000000 0.000000 0.000002 0.000002 0.003947
     л 0.007551 0.000045 0.000020 0.000129 0.000039 0.004516 0.000350 0.000014 0.007041 0.000000 0.000469 0.000350 0.000018 0.000330 0.005536 0.000039 0.000002 0.001579 0.000109 0.001230 0.000006 0.000002 0.000000 0.000137 0.000006 0.000000 0.000002 0.000843 0.004052 0.000004 0.001018 0.001474 0.008955
     м 0.002940 0.000041 0.000014 0.000066 0.000002 0.003732 0.000000 0.000000 0.002199 0.000000 0.000166 0.000145 0.000055 0.002047 0.003603 0.000166 0.000066 0.000117 0.000065 0.001593 0.000004 0.000000 0.000000 0.000104 0.000000 0.000002 0.000000 0.000932 0.000090 0.000000 0.000023 0.000401 0.007213
     н 0.010767 0.000004 0.000014 0.000123 0.000373 0.009144 0.000016 0.000041 0.005919 0.000000 0.000432 0.000004 0.000000 0.002090 0.008916 0.000004 0.000076 0.000438 0.000713 0.002788 0.000020 0.000016 0.000569 0.000115 0.000002 0.000278 0.000000 0.002825 0.001337 0.000000 0.000119 0.001847 0.004605
     о 0.000008 0.003278 0.005530 0.004031 0.004246 0.001963 0.002019 0.001212 0.000766 0.003650 0.002391 0.005720 0.005233 0.005921 0.000166 0.000997 0.004942 0.005917 0.006568 0.000051 0.000172 0.000422 0.000090 0.002047 0.001102 0.000242 0.000000 0.000000 0.000000 0.000068 0.000207 0.000686 0.020289
     п 0.001247 0.000000 0.000000 0.000000 0.000000 0.002006 0.000000 0.000000 0.000725 0.000000 0.000074 0.000970 0.000002 0.000205 0.008791 0.000111 0.005407 0.000027 0.000096 0.000629 0.000016 0.000000 0.000010 0.000022 0.000004 0.000000 0.000000 0.000256 0.000109 0.000000 0.000000 0.000356 0.000113
     р 0.006654 0.000057 0.000338 0.000109 0.000307 0.005403 0.000276 0.000045 0.004025 0.000000 0.000385 0.000195 0.000235 0.000864 0.006842 0.000055 0.000068 0.000162 0.000827 0.002373 0.000692 0.000162 0.000061 0.000092 0.000197 0.000023 0.000000 0.001288 0.000661 0.000002 0.000231 0.000856 0.001318
     с 0.001128 0.000059 0.001333 0.000020 0.000207 0.003659 0.000020 0.000012 0.001953 0.000004 0.004007 0.002344 0.001192 0.001091 0.002103 0.001972 0.000238 0.000678 0.009563 0.000524 0.000035 0.000096 0.000066 0.000401 0.000059 0.000000 0.000033 0.000248 0.003388 0.000006 0.000164 0.003698 0.002836
     т 0.005075 0.000037 0.001859 0.000020 0.000092 0.005211 0.000000 0.000004 0.003317 0.000000 0.000626 0.000244 0.000023 0.000923 0.011858 0.000109 0.002961 0.001104 0.000436 0.001200 0.000195 0.000014 0.000010 0.000094 0.000004 0.000010 0.000018 0.001724 0.005593 0.000002 0.000041 0.000426 0.005872
     у 0.000066 0.000422 0.000669 0.001065 0.001912 0.000291 0.001333 0.000299 0.000012 0.000100 0.000649 0.001963 0.001282 0.000324 0.000006 0.000561 0.000418 0.001243 0.001204 0.000000 0.000033 0.000350 0.000002 0.000868 0.000584 0.000231 0.000000 0.000000 0.000000 0.000022 0.000915 0.000025 0.006206
     ф 0.000121 0.000000 0.000000 0.000000 0.000000 0.000336 0.000000 0.000000 0.000182 0.000000 0.000000 0.000045 0.000002 0.000006 0.000397 0.000000 0.000379 0.000008 0.000018 0.000041 0.000102 0.000000 0.000000 0.000002 0.000006 0.000000 0.000000 0.000010 0.000000 0.000663 0.000002 0.000000 0.000018
     х 0.000616 0.000000 0.000158 0.000010 0.000000 0.000043 0.000000 0.000000 0.000152 0.000000 0.000000 0.000158 0.000066 0.000213 0.002011 0.000002 0.000094 0.000033 0.000055 0.000084 0.000000 0.000000 0.000002 0.000000 0.000006 0.000000 0.000000 0.000000 0.000000 0.000002 0.000000 0.000000 0.002485
     ц 0.000577 0.000000 0.000143 0.000000 0.000000 0.000719 0.000000 0.000000 0.000465 0.000000 0.000016 0.000008 0.000000 0.000000 0.000262 0.000002 0.000000 0.000000 0.000010 0.000162 0.000000 0.000000 0.000012 0.000000 0.000000 0.000000 0.000000 0.000127 0.000000 0.000000 0.000000 0.000000 0.000502
     ч 0.001865 0.000000 0.000006 0.000000 0.000000 0.003407 0.000000 0.000000 0.001376 0.000000 0.000274 0.000014 0.000002 0.001013 0.000088 0.000000 0.000006 0.000000 0.002678 0.000690 0.000000 0.000000 0.000000 0.000004 0.000188 0.000000 0.000000 0.000000 0.000207 0.000000 0.000000 0.000000 0.000166
     ш 0.000786 0.000000 0.000041 0.000000 0.000000 0.002158 0.000000 0.000000 0.001611 0.000000 0.000477 0.000670 0.000004 0.000280 0.000393 0.000014 0.000000 0.000000 0.000055 0.000238 0.000000 0.000000 0.000000 0.000000 0.000000 0.000000 0.000000 0.000000 0.000792 0.000000 0.000002 0.000000 0.000094
     щ 0.000371 0.000000 0.000002 0.000000 0.000000 0.001509 0.000000 0.000000 0.000762 0.000000 0.000000 0.000000 0.000000 0.000061 0.000000 0.000000 0.000000 0.000000 0.000000 0.000127 0.000000 0.000000 0.000000 0.000000 0.000000 0.000000 0.000000 0.000000 0.000014 0.000000 0.000000 0.000000 0.000010
     ъ 0.000000 0.000000 0.000000 0.000000 0.000000 0.000121 0.000000 0.000000 0.000000 0.000000 0.000000 0.000000 0.000000 0.000000 0.000000 0.000000 0.000000 0.000000 0.000000 0.000000 0.000000 0.000000 0.000000 0.000000 0.000000 0.000000 0.000000 0.000000 0.000000 0.000000 0.000000 0.000080 0.000000
     ы 0.000000 0.000254 0.000786 0.000131 0.000084 0.001059 0.000043 0.000074 0.000035 0.001386 0.000141 0.002303 0.001116 0.000111 0.000000 0.000276 0.000223 0.000577 0.000669 0.000002 0.000000 0.000721 0.000002 0.000088 0.000508 0.000012 0.000000 0.000000 0.000000 0.000000 0.000000 0.000012 0.005460
     ь 0.000000 0.000078 0.000029 0.000141 0.000080 0.000549 0.000002 0.000184 0.000033 0.000000 0.001278 0.000000 0.000328 0.001196 0.000031 0.000008 0.000000 0.000913 0.000127 0.000000 0.000109 0.000000 0.000080 0.000025 0.000598 0.000008 0.000000 0.000000 0.000000 0.000000 0.000319 0.000311 0.011367
     э 0.000000 0.000000 0.000002 0.000000 0.000000 0.000000 0.000000 0.000006 0.000000 0.000000 0.000045 0.000035 0.000000 0.000022 0.000000 0.000010 0.000000 0.000002 0.001988 0.000000 0.000002 0.000004 0.000000 0.000000 0.000002 0.000000 0.000000 0.000000 0.000000 0.000000 0.000000 0.000000 0.000678
     ю 0.000000 0.000330 0.000016 0.000004 0.000354 0.000002 0.000016 0.000025 0.000016 0.000000 0.000033 0.000072 0.000195 0.000053 0.000002 0.000000 0.000059 0.000143 0.000350 0.000000 0.000002 0.000008 0.000002 0.000164 0.000023 0.000328 0.000000 0.000000 0.000000 0.000000 0.000027 0.000002 0.002311
     я 0.000000 0.000031 0.000289 0.000080 0.000686 0.000108 0.000113 0.000145 0.000035 0.000106 0.000215 0.001183 0.000250 0.000604 0.000000 0.000045 0.000096 0.000391 0.001196 0.000000 0.000000 0.000139 0.000039 0.000139 0.000027 0.000197 0.000000 0.000000 0.000000 0.000000 0.000074 0.000053 0.011740
     _ 0.004633 0.006138 0.012819 0.002960 0.005993 0.006431 0.001945 0.004445 0.008374 0.000037 0.007360 0.003366 0.007027 0.015767 0.013775 0.014309 0.004598 0.015738 0.007561 0.004670 0.000541 0.001376 0.000338 0.004177 0.000843 0.000090 0.000002 0.001192 0.000006 0.001980 0.000164 0.003120 0.025561

 БЕЗ ПРОБІЛІВ 
H1 = 4.45699655
H2 (з перетином) = 4.15382039
H2 (без перетину) = 4.15382046
Частоти букв:
о : 0.11069995
е : 0.08898129
а : 0.08613915
н : 0.06633811
и : 0.06185643
т : 0.06040346
л : 0.05639005
с : 0.05288222
р : 0.04293776
в : 0.03893518
к : 0.03277422
м : 0.03215427
д : 0.02972383
у : 0.02841050
п : 0.02587894
я : 0.02194498
ь : 0.02169459
ы : 0.01974566
з : 0.01781720
б : 0.01685899
г : 0.01580327
ч : 0.01468375
й : 0.01041273
ж : 0.01021049
ш : 0.00940275
х : 0.00756939
ю : 0.00561204
ц : 0.00359811
щ : 0.00356440
э : 0.00341634
ф : 0.00289630
ъ : 0.00026363

Матриця біграм (з перетином):
           а        б        в        г        д        е        ж        з        и        й        к        л        м        н        о        п        р        с        т        у        ф        х        ц        ч        ш        щ        ъ        ы        ь        э        ю        я
     а 0.000767 0.001517 0.004779 0.001004 0.003142 0.002332 0.001405 0.005923 0.001501 0.000767 0.005681 0.012311 0.004594 0.007442 0.002167 0.002900 0.003410 0.007267 0.006898 0.000964 0.000391 0.001224 0.000181 0.001702 0.001496 0.000294 0.000000 0.000159 0.000001 0.000270 0.001062 0.002591
     б 0.000837 0.000217 0.000081 0.000010 0.000025 0.002201 0.000011 0.000006 0.000997 0.000000 0.000156 0.000820 0.000047 0.000402 0.002536 0.000006 0.001191 0.000160 0.000013 0.001596 0.000000 0.000039 0.000000 0.000000 0.000005 0.000188 0.000102 0.004354 0.000035 0.000110 0.000036 0.000680
     в 0.005828 0.000235 0.000279 0.000238 0.000784 0.006017 0.000060 0.000639 0.003408 0.000001 0.000697 0.000729 0.000396 0.001884 0.006273 0.000739 0.001048 0.003614 0.000692 0.000845 0.000022 0.000107 0.000048 0.000181 0.000616 0.000023 0.000013 0.002771 0.000268 0.000195 0.000008 0.000274
     г 0.001128 0.000075 0.000059 0.000019 0.001605 0.000221 0.000005 0.000040 0.000691 0.000000 0.000249 0.001550 0.000036 0.000442 0.007709 0.000090 0.000928 0.000132 0.000052 0.000650 0.000004 0.000002 0.000001 0.000063 0.000008 0.000000 0.000000 0.000010 0.000000 0.000005 0.000004 0.000025
     д 0.004893 0.000129 0.001069 0.000054 0.000069 0.005822 0.000090 0.000067 0.002776 0.000001 0.000360 0.000816 0.000098 0.002418 0.004480 0.000181 0.001270 0.000386 0.000237 0.001932 0.000010 0.000039 0.000250 0.000059 0.000084 0.000000 0.000052 0.000686 0.001026 0.000014 0.000016 0.000339
     е 0.000545 0.002794 0.003503 0.003694 0.004077 0.002707 0.001139 0.002560 0.001093 0.002164 0.002138 0.007750 0.005817 0.010426 0.001941 0.003543 0.009333 0.007626 0.007840 0.000840 0.000238 0.001065 0.000371 0.002022 0.001439 0.001130 0.000000 0.000140 0.000000 0.000287 0.000170 0.000589
     ж 0.001370 0.000013 0.000014 0.000020 0.000886 0.004169 0.000014 0.000007 0.001778 0.000001 0.000112 0.000031 0.000013 0.001181 0.000090 0.000020 0.000012 0.000035 0.000017 0.000280 0.000001 0.000000 0.000000 0.000120 0.000000 0.000000 0.000000 0.000000 0.000012 0.000005 0.000000 0.000006
     з 0.007206 0.000189 0.000996 0.000418 0.001312 0.000467 0.000164 0.000126 0.000585 0.000001 0.000311 0.000337 0.000414 0.002074 0.000678 0.000170 0.000427 0.000164 0.000129 0.000540 0.000006 0.000025 0.000012 0.000064 0.000012 0.000000 0.000029 0.000356 0.000176 0.000025 0.000007 0.000397
     и 0.001741 0.001335 0.003998 0.001008 0.002914 0.002521 0.000556 0.002483 0.001440 0.001015 0.002891 0.008171 0.003354 0.005921 0.001928 0.002050 0.001329 0.004361 0.004804 0.000549 0.000105 0.001679 0.001148 0.001470 0.000903 0.000201 0.000000 0.000112 0.000000 0.000197 0.000293 0.001378
     й 0.000309 0.000302 0.000589 0.000211 0.000648 0.000293 0.000170 0.000189 0.000456 0.000001 0.000633 0.000254 0.000441 0.001036 0.000599 0.000671 0.000406 0.001189 0.000781 0.000195 0.000058 0.000087 0.000094 0.000413 0.000150 0.000013 0.000000 0.000071 0.000001 0.000059 0.000014 0.000079
     к 0.008640 0.000228 0.000548 0.000079 0.000208 0.000879 0.000143 0.000142 0.003354 0.000000 0.000220 0.000927 0.000247 0.000957 0.009434 0.000374 0.002175 0.000709 0.000738 0.002291 0.000024 0.000051 0.000073 0.000120 0.000042 0.000006 0.000000 0.000034 0.000000 0.000060 0.000010 0.000061
     л 0.009451 0.000356 0.000764 0.000370 0.000276 0.006555 0.000485 0.000220 0.009180 0.000000 0.001063 0.000701 0.000430 0.001458 0.007923 0.000692 0.000299 0.002640 0.000482 0.001678 0.000039 0.000046 0.000008 0.000668 0.000040 0.000005 0.000001 0.001056 0.005064 0.000069 0.001209 0.003165
     м 0.003914 0.000383 0.000738 0.000268 0.000392 0.004962 0.000107 0.000205 0.003217 0.000002 0.000618 0.000414 0.000410 0.003289 0.005341 0.001003 0.000277 0.001123 0.000447 0.002233 0.000036 0.000066 0.000019 0.000353 0.000075 0.000007 0.000000 0.001292 0.000116 0.000104 0.000034 0.000711
     н 0.013681 0.000259 0.000498 0.000203 0.000622 0.011603 0.000046 0.000256 0.007567 0.000000 0.000708 0.000089 0.000166 0.003099 0.011554 0.000736 0.000262 0.001061 0.001087 0.003717 0.000029 0.000078 0.000755 0.000221 0.000024 0.000333 0.000001 0.003558 0.001611 0.000029 0.000197 0.002286
     о 0.000500 0.005223 0.008961 0.005359 0.006175 0.003218 0.002831 0.002268 0.001922 0.004455 0.003765 0.007654 0.007432 0.009676 0.002334 0.003623 0.006792 0.009865 0.009403 0.000851 0.000291 0.000746 0.000142 0.003227 0.001502 0.000307 0.000000 0.000107 0.000001 0.000408 0.000259 0.001400
     п 0.001593 0.000005 0.000019 0.000001 0.000004 0.002418 0.000001 0.000005 0.000945 0.000000 0.000125 0.001187 0.000004 0.000247 0.010716 0.000159 0.006626 0.000051 0.000112 0.000760 0.000022 0.000000 0.000006 0.000024 0.000005 0.000002 0.000000 0.000317 0.000142 0.000001 0.000000 0.000384
     р 0.008423 0.000107 0.000556 0.000155 0.000418 0.006752 0.000327 0.000093 0.005185 0.000001 0.000573 0.000277 0.000314 0.001251 0.008606 0.000253 0.000149 0.000379 0.000958 0.002843 0.000853 0.000188 0.000072 0.000160 0.000234 0.000031 0.000000 0.001556 0.000811 0.000012 0.000294 0.001105
     с 0.001555 0.000197 0.001825 0.000094 0.000349 0.004555 0.000091 0.000079 0.002473 0.000004 0.005161 0.002937 0.001629 0.001829 0.002770 0.002564 0.000372 0.001126 0.012066 0.000733 0.000054 0.000137 0.000087 0.000510 0.000091 0.000001 0.000040 0.000321 0.004275 0.000058 0.000208 0.004691
     т 0.006629 0.000348 0.002890 0.000126 0.000370 0.006529 0.000130 0.000154 0.004455 0.000005 0.001071 0.000457 0.000318 0.001735 0.015370 0.000666 0.003815 0.002133 0.000922 0.001693 0.000276 0.000071 0.000039 0.000312 0.000031 0.000014 0.000023 0.002226 0.006806 0.000136 0.000071 0.000583
     у 0.000488 0.000733 0.001330 0.001383 0.002503 0.000678 0.001778 0.000573 0.000579 0.000149 0.001172 0.002605 0.001981 0.001287 0.000636 0.001201 0.000686 0.002142 0.001973 0.000178 0.000053 0.000462 0.000008 0.001339 0.000732 0.000294 0.000000 0.000070 0.000000 0.000085 0.001170 0.000142
     ф 0.000165 0.000000 0.000004 0.000000 0.000002 0.000432 0.000000 0.000000 0.000214 0.000000 0.000000 0.000058 0.000001 0.000010 0.000478 0.000002 0.000473 0.000007 0.000035 0.000055 0.000108 0.000000 0.000000 0.000001 0.000004 0.000000 0.000000 0.000018 0.000000 0.000826 0.000001 0.000001
     х 0.000867 0.000148 0.000397 0.000102 0.000114 0.000120 0.000031 0.000075 0.000371 0.000004 0.000206 0.000297 0.000220 0.000461 0.002687 0.000339 0.000212 0.000344 0.000181 0.000206 0.000024 0.000013 0.000008 0.000049 0.000024 0.000001 0.000001 0.000012 0.000000 0.000026 0.000000 0.000026
     ц 0.000705 0.000018 0.000221 0.000005 0.000010 0.000911 0.000002 0.000014 0.000599 0.000000 0.000047 0.000010 0.000013 0.000051 0.000386 0.000061 0.000020 0.000037 0.000037 0.000238 0.000002 0.000007 0.000016 0.000007 0.000002 0.000001 0.000000 0.000160 0.000000 0.000005 0.000001 0.000007
     ч 0.002344 0.000001 0.000020 0.000000 0.000005 0.004196 0.000002 0.000008 0.001711 0.000000 0.000343 0.000024 0.000012 0.001250 0.000125 0.000023 0.000016 0.000020 0.003176 0.000884 0.000002 0.000000 0.000000 0.000006 0.000248 0.000001 0.000000 0.000006 0.000260 0.000000 0.000000 0.000000
     ш 0.000940 0.000005 0.000053 0.000002 0.000017 0.002507 0.000001 0.000004 0.002020 0.000000 0.000627 0.000841 0.000014 0.000352 0.000513 0.000019 0.000011 0.000017 0.000079 0.000312 0.000001 0.000001 0.000001 0.000001 0.000000 0.000000 0.000000 0.000000 0.001059 0.000001 0.000001 0.000001
     щ 0.000445 0.000001 0.000002 0.000000 0.000000 0.001891 0.000000 0.000000 0.000977 0.000000 0.000000 0.000000 0.000000 0.000053 0.000006 0.000006 0.000002 0.000001 0.000000 0.000149 0.000000 0.000000 0.000000 0.000000 0.000000 0.000000 0.000000 0.000000 0.000029 0.000000 0.000000 0.000000
     ъ 0.000000 0.000000 0.000000 0.000000 0.000000 0.000160 0.000000 0.000000 0.000000 0.000000 0.000000 0.000000 0.000000 0.000000 0.000000 0.000001 0.000000 0.000000 0.000000 0.000000 0.000000 0.000000 0.000000 0.000000 0.000000 0.000000 0.000000 0.000000 0.000000 0.000000 0.000000 0.000102
     ы 0.000159 0.000524 0.001548 0.000248 0.000359 0.001577 0.000138 0.000299 0.000491 0.001708 0.000373 0.002946 0.001602 0.000796 0.000533 0.001098 0.000425 0.001386 0.001141 0.000258 0.000011 0.001016 0.000014 0.000195 0.000650 0.000017 0.000000 0.000057 0.000001 0.000079 0.000005 0.000093
     ь 0.000367 0.000475 0.001331 0.000329 0.000592 0.001425 0.000087 0.000592 0.000786 0.000002 0.002246 0.000301 0.000928 0.002695 0.001217 0.001098 0.000324 0.002488 0.000850 0.000374 0.000166 0.000112 0.000137 0.000598 0.000861 0.000017 0.000001 0.000118 0.000000 0.000181 0.000396 0.000598
     э 0.000046 0.000012 0.000067 0.000010 0.000010 0.000036 0.000004 0.000049 0.000043 0.000002 0.000067 0.000065 0.000023 0.000098 0.000105 0.000130 0.000039 0.000072 0.002440 0.000049 0.000001 0.000008 0.000002 0.000013 0.000005 0.000001 0.000000 0.000014 0.000000 0.000002 0.000000 0.000001
     ю 0.000098 0.000496 0.000197 0.000043 0.000561 0.000093 0.000084 0.000087 0.000156 0.000001 0.000232 0.000150 0.000359 0.000249 0.000264 0.000249 0.000175 0.000495 0.000583 0.000072 0.000017 0.000030 0.000016 0.000294 0.000047 0.000419 0.000000 0.000035 0.000000 0.000030 0.000043 0.000037
     я 0.000508 0.000534 0.001596 0.000348 0.001276 0.000734 0.000306 0.000652 0.000886 0.000126 0.000927 0.001679 0.000841 0.002273 0.001300 0.001211 0.000433 0.001851 0.002232 0.000443 0.000052 0.000268 0.000088 0.000490 0.000072 0.000256 0.000000 0.000130 0.000000 0.000137 0.000104 0.000189

Матриця біграм (без перетину):
           а        б        в        г        д        е        ж        з        и        й        к        л        м        н        о        п        р        с        т        у        ф        х        ц        ч        ш        щ        ъ        ы        ь        э        ю        я
     а 0.000751 0.001469 0.004810 0.001016 0.003171 0.002410 0.001343 0.005995 0.001464 0.000785 0.005663 0.012416 0.004454 0.007500 0.002150 0.002971 0.003390 0.007138 0.006890 0.000956 0.000412 0.001199 0.000154 0.001683 0.001469 0.000267 0.000000 0.000171 0.000000 0.000265 0.001083 0.002672
     б 0.000850 0.000205 0.000077 0.000010 0.000024 0.002104 0.000010 0.000002 0.001011 0.000000 0.000202 0.000782 0.000041 0.000397 0.002528 0.000005 0.001230 0.000159 0.000014 0.001548 0.000000 0.000034 0.000000 0.000000 0.000000 0.000193 0.000128 0.004360 0.000029 0.000113 0.000036 0.000713
     в 0.005824 0.000260 0.000284 0.000221 0.000766 0.006012 0.000053 0.000631 0.003395 0.000002 0.000652 0.000729 0.000366 0.001851 0.006139 0.000778 0.001059 0.003513 0.000703 0.000872 0.000022 0.000099 0.000055 0.000185 0.000599 0.000014 0.000014 0.002730 0.000291 0.000188 0.000007 0.000279
     г 0.001129 0.000075 0.000046 0.000019 0.001594 0.000190 0.000007 0.000046 0.000715 0.000000 0.000248 0.001505 0.000036 0.000467 0.007586 0.000091 0.000932 0.000144 0.000067 0.000657 0.000000 0.000005 0.000000 0.000065 0.000010 0.000000 0.000000 0.000010 0.000000 0.000002 0.000005 0.000029
     д 0.004827 0.000144 0.001158 0.000051 0.000070 0.005956 0.000096 0.000067 0.002805 0.000000 0.000356 0.000845 0.000106 0.002451 0.004456 0.000202 0.001245 0.000366 0.000214 0.001868 0.000002 0.000031 0.000241 0.000065 0.000094 0.000000 0.000063 0.000669 0.001009 0.000012 0.000010 0.000335
     е 0.000599 0.002848 0.003460 0.003811 0.003956 0.002668 0.001107 0.002605 0.001100 0.002109 0.002102 0.007625 0.005894 0.010521 0.001856 0.003660 0.009231 0.007644 0.007858 0.000770 0.000255 0.001035 0.000380 0.002034 0.001420 0.001103 0.000000 0.000128 0.000000 0.000287 0.000188 0.000602
     ж 0.001343 0.000010 0.000007 0.000022 0.000872 0.004213 0.000014 0.000002 0.001721 0.000002 0.000130 0.000024 0.000010 0.001144 0.000106 0.000026 0.000012 0.000031 0.000017 0.000258 0.000002 0.000000 0.000000 0.000128 0.000000 0.000000 0.000000 0.000000 0.000010 0.000000 0.000000 0.000010
     з 0.007201 0.000185 0.001088 0.000407 0.001235 0.000445 0.000154 0.000116 0.000537 0.000000 0.000339 0.000352 0.000383 0.002116 0.000614 0.000152 0.000436 0.000152 0.000128 0.000542 0.000007 0.000029 0.000012 0.000060 0.000007 0.000000 0.000029 0.000344 0.000190 0.000014 0.000010 0.000412
     и 0.001784 0.001411 0.004100 0.001002 0.002875 0.002412 0.000561 0.002487 0.001401 0.001030 0.002966 0.008306 0.003265 0.005911 0.001873 0.002107 0.001324 0.004403 0.004873 0.000599 0.000094 0.001652 0.001177 0.001498 0.000932 0.000188 0.000000 0.000128 0.000000 0.000188 0.000311 0.001327
     й 0.000327 0.000291 0.000592 0.000231 0.000612 0.000296 0.000178 0.000200 0.000482 0.000000 0.000640 0.000248 0.000445 0.000973 0.000556 0.000681 0.000426 0.001187 0.000790 0.000193 0.000070 0.000063 0.000087 0.000414 0.000144 0.000019 0.000000 0.000067 0.000002 0.000053 0.000017 0.000094
     к 0.008496 0.000241 0.000583 0.000070 0.000205 0.000900 0.000147 0.000164 0.003306 0.000000 0.000262 0.000893 0.000258 0.000925 0.009426 0.000383 0.002205 0.000713 0.000708 0.002268 0.000022 0.000043 0.000067 0.000123 0.000031 0.000007 0.000000 0.000041 0.000000 0.000070 0.000012 0.000048
     л 0.009640 0.000366 0.000739 0.000371 0.000253 0.006614 0.000486 0.000200 0.009014 0.000000 0.001050 0.000710 0.000448 0.001406 0.008010 0.000693 0.000291 0.002598 0.000484 0.001635 0.000041 0.000048 0.000010 0.000633 0.000036 0.000002 0.000000 0.001076 0.005063 0.000072 0.001237 0.003147
     м 0.003924 0.000397 0.000754 0.000296 0.000392 0.005051 0.000101 0.000200 0.003166 0.000005 0.000619 0.000380 0.000417 0.003308 0.005244 0.001018 0.000272 0.001168 0.000429 0.002278 0.000024 0.000060 0.000026 0.000330 0.000075 0.000010 0.000000 0.001245 0.000125 0.000108 0.000034 0.000681
     н 0.013583 0.000308 0.000551 0.000190 0.000650 0.011595 0.000048 0.000274 0.007577 0.000000 0.000669 0.000108 0.000173 0.003077 0.011604 0.000749 0.000267 0.001040 0.001062 0.003698 0.000024 0.000091 0.000679 0.000221 0.000036 0.000306 0.000000 0.003578 0.001565 0.000031 0.000185 0.002275
     о 0.000571 0.005208 0.008807 0.005359 0.006257 0.003294 0.002944 0.002225 0.001880 0.004497 0.003806 0.007668 0.007408 0.009792 0.002347 0.003561 0.006965 0.009922 0.009361 0.000811 0.000301 0.000749 0.000140 0.003366 0.001519 0.000327 0.000000 0.000106 0.000000 0.000395 0.000291 0.001413
     п 0.001584 0.000010 0.000022 0.000002 0.000005 0.002371 0.000000 0.000007 0.000915 0.000000 0.000125 0.001144 0.000002 0.000258 0.010497 0.000147 0.006532 0.000034 0.000132 0.000792 0.000012 0.000000 0.000007 0.000039 0.000002 0.000002 0.000000 0.000289 0.000147 0.000000 0.000000 0.000352
     р 0.008506 0.000111 0.000561 0.000147 0.000441 0.006686 0.000356 0.000096 0.005116 0.000002 0.000595 0.000270 0.000339 0.001225 0.008518 0.000250 0.000161 0.000361 0.000941 0.002889 0.000876 0.000193 0.000070 0.000193 0.000265 0.000017 0.000000 0.001541 0.000766 0.000014 0.000289 0.001067
     с 0.001558 0.000166 0.001897 0.000099 0.000339 0.004637 0.000094 0.000075 0.002545 0.000002 0.005210 0.002981 0.001654 0.001755 0.002817 0.002526 0.000361 0.001168 0.012060 0.000775 0.000048 0.000111 0.000072 0.000525 0.000087 0.000000 0.000034 0.000313 0.004319 0.000060 0.000207 0.004712
     т 0.006570 0.000335 0.002877 0.000147 0.000385 0.006585 0.000130 0.000154 0.004529 0.000007 0.001076 0.000417 0.000359 0.001741 0.015423 0.000705 0.003862 0.002056 0.000912 0.001652 0.000262 0.000065 0.000034 0.000318 0.000031 0.000010 0.000012 0.002208 0.006758 0.000142 0.000087 0.000568
     у 0.000443 0.000693 0.001355 0.001317 0.002598 0.000652 0.001798 0.000590 0.000571 0.000156 0.001127 0.002641 0.002044 0.001312 0.000662 0.001192 0.000657 0.002169 0.002085 0.000156 0.000041 0.000431 0.000010 0.001423 0.000713 0.000306 0.000000 0.000075 0.000000 0.000077 0.001144 0.000132
     ф 0.000169 0.000000 0.000002 0.000000 0.000000 0.000479 0.000000 0.000000 0.000214 0.000000 0.000000 0.000067 0.000000 0.000010 0.000472 0.000005 0.000482 0.000002 0.000043 0.000051 0.000084 0.000000 0.000000 0.000000 0.000007 0.000000 0.000000 0.000012 0.000000 0.000802 0.000002 0.000002
     х 0.000857 0.000159 0.000392 0.000101 0.000120 0.000137 0.000026 0.000082 0.000388 0.000005 0.000214 0.000267 0.000243 0.000479 0.002786 0.000352 0.000229 0.000342 0.000178 0.000178 0.000022 0.000017 0.000005 0.000051 0.000024 0.000000 0.000000 0.000014 0.000000 0.000034 0.000000 0.000029
     ц 0.000698 0.000014 0.000229 0.000007 0.000005 0.000905 0.000002 0.000017 0.000652 0.000000 0.000043 0.000010 0.000014 0.000055 0.000390 0.000063 0.000024 0.000041 0.000036 0.000272 0.000000 0.000010 0.000017 0.000005 0.000000 0.000002 0.000000 0.000178 0.000000 0.000007 0.000002 0.000007
     ч 0.002388 0.000002 0.000019 0.000000 0.000002 0.004064 0.000002 0.000005 0.001606 0.000000 0.000359 0.000024 0.000012 0.001257 0.000113 0.000024 0.000010 0.000017 0.003139 0.000838 0.000005 0.000000 0.000000 0.000005 0.000238 0.000002 0.000000 0.000007 0.000272 0.000000 0.000000 0.000000
     ш 0.000956 0.000005 0.000051 0.000005 0.000017 0.002453 0.000000 0.000002 0.002063 0.000000 0.000645 0.000869 0.000017 0.000361 0.000484 0.000017 0.000012 0.000019 0.000082 0.000327 0.000000 0.000000 0.000000 0.000000 0.000000 0.000000 0.000000 0.000000 0.001042 0.000000 0.000000 0.000002
     щ 0.000433 0.000000 0.000002 0.000000 0.000000 0.001936 0.000000 0.000000 0.001026 0.000000 0.000000 0.000000 0.000000 0.000058 0.000010 0.000002 0.000002 0.000000 0.000000 0.000135 0.000000 0.000000 0.000000 0.000000 0.000000 0.000000 0.000000 0.000000 0.000029 0.000000 0.000000 0.000000
     ъ 0.000000 0.000000 0.000000 0.000000 0.000000 0.000166 0.000000 0.000000 0.000000 0.000000 0.000000 0.000000 0.000000 0.000000 0.000000 0.000002 0.000000 0.000000 0.000000 0.000000 0.000000 0.000000 0.000000 0.000000 0.000000 0.000000 0.000000 0.000000 0.000000 0.000000 0.000000 0.000077
     ы 0.000154 0.000506 0.001584 0.000262 0.000419 0.001642 0.000154 0.000308 0.000479 0.001717 0.000356 0.002961 0.001572 0.000809 0.000518 0.001132 0.000412 0.001334 0.001127 0.000265 0.000014 0.001023 0.000010 0.000205 0.000652 0.000019 0.000000 0.000053 0.000002 0.000079 0.000007 0.000101
     ь 0.000400 0.000443 0.001355 0.000332 0.000585 0.001423 0.000070 0.000616 0.000811 0.000002 0.002229 0.000315 0.000917 0.002672 0.001247 0.001158 0.000335 0.002436 0.000862 0.000385 0.000169 0.000140 0.000140 0.000590 0.000872 0.000022 0.000002 0.000094 0.000000 0.000178 0.000414 0.000554
     э 0.000048 0.000010 0.000065 0.000007 0.000014 0.000041 0.000002 0.000048 0.000036 0.000005 0.000075 0.000058 0.000024 0.000096 0.000099 0.000152 0.000043 0.000089 0.002441 0.000055 0.000002 0.000010 0.000002 0.000012 0.000007 0.000000 0.000000 0.000014 0.000000 0.000002 0.000000 0.000000
     ю 0.000087 0.000496 0.000183 0.000041 0.000522 0.000077 0.000104 0.000075 0.000154 0.000000 0.000234 0.000152 0.000339 0.000246 0.000246 0.000253 0.000185 0.000474 0.000578 0.000079 0.000014 0.000036 0.000017 0.000267 0.000048 0.000390 0.000000 0.000039 0.000000 0.000041 0.000051 0.000043
     я 0.000460 0.000547 0.001623 0.000383 0.001250 0.000691 0.000315 0.000650 0.000852 0.000118 0.000939 0.001640 0.000932 0.002287 0.001334 0.001274 0.000421 0.001839 0.002176 0.000448 0.000060 0.000236 0.000077 0.000520 0.000055 0.000289 0.000000 0.000125 0.000000 0.000137 0.000125 0.000202
